layout_spectrum: 0.1911028
typography_spectrum: 0.1942356
color:
  saturation: 0.5438597
  lightness: 1
  brandStrength: 0.5150809
  rhythmicContrast: 0.7211779
name: SITech
